$ 1 0.000005 10.20027730826997 44 5 50 5e-11
. Half\sAdder 1 2 2 4 carry\sout 3 1 3 input\s1 2 0 2 input\s2 1 1 2 sum 4 0 3 AndGateElm\s1\s2\s3\rXorGateElm\s1\s2\s4 0\\s2\\s0\\s5\s0\\s2\\s0\\s5
410 48 32 160 32 1 Half\sAdder 0\s2\s0\s5 0\s2\s5\s5
. Full\sAdder 1 3 2 5 carry\sin 2 1 0 carry\sout 6 1 3 input\s1 7 0 2 input\s2 1 1 2 sum 8 0 3 OrGateElm\s4\s5\s6\rAndGateElm\s1\s7\s4\rAndGateElm\s2\s3\s5\rXorGateElm\s2\s3\s8\rXorGateElm\s1\s7\s3 0\\s2\\s0\\s5\s0\\s2\\s0\\s5\s0\\s2\\s0\\s5\s0\\s2\\s0\\s5\s0\\s2\\s0\\s5
410 32 128 64 128 1 Full\sAdder 0\s2\s0\s5 0\s2\s0\s5 0\s2\s0\s5 0\s2\s5\s5 0\s2\s5\s5
w 144 64 144 96 0
w 144 96 96 96 0
L -32 -48 -48 -48 2 1 false 5 0
L -48 0 -48 -16 2 0 false 5 0
410 32 224 64 224 1 Full\sAdder 0\s2\s0\s5 0\s2\s0\s5 0\s2\s0\s5 0\s2\s5\s5 0\s2\s5\s5
w 160 160 160 192 0
w 160 192 96 192 0
410 32 320 64 320 1 Full\sAdder 0\s2\s0\s5 0\s2\s0\s5 0\s2\s0\s5 0\s2\s5\s5 0\s2\s5\s5
w 96 288 160 288 0
w 160 288 160 256 0
410 32 416 64 416 1 Full\sAdder 0\s2\s0\s5 0\s2\s0\s5 0\s2\s0\s5 0\s2\s5\s5 0\s2\s5\s5
w 160 352 160 384 0
w 160 384 96 384 0
410 32 512 64 512 1 Full\sAdder 0\s2\s0\s5 0\s2\s0\s5 0\s2\s0\s5 0\s2\s5\s5 0\s2\s5\s5
w 96 480 160 480 0
w 160 480 160 448 0
410 32 608 64 608 1 Full\sAdder 0\s2\s0\s5 0\s2\s0\s5 0\s2\s0\s5 0\s2\s5\s5 0\s2\s5\s5
w 160 544 160 576 0
w 160 576 96 576 0
410 32 704 64 704 1 Full\sAdder 0\s2\s0\s5 0\s2\s0\s5 0\s2\s0\s5 0\s2\s5\s5 0\s2\s5\s5
w 96 672 160 672 0
w 160 672 160 640 0
419 208 1440 256 1440 4096 16
M 464 -32 464 -48 2 2.5
M 496 -32 496 -48 2 2.5
M 528 -32 528 -48 2 2.5
M 624 -32 624 -48 2 2.5
M 592 -32 592 -48 2 2.5
M 560 -32 560 -48 2 2.5
M 656 -32 656 -48 2 2.5
M 688 -32 688 -48 2 2.5
M 720 -32 720 -48 2 2.5
x -123 -134 305 -131 6 32 Gabriel\sLogan\sFull\sAdder\sCalc
x -43 1486 210 1489 4 32 Decimal\sResult\s->
x 761 -38 989 -35 4 32 <-\sBinary\sResult
x 437 1553 543 1556 4 20 Thank\sYou\s!
x -625 -43 -540 -40 4 20 Input\s1\s->
x -626 -10 -541 -7 4 20 Input\s2\s->
w -32 -48 -32 32 0
w -32 32 48 32 0
w -48 0 -48 64 0
w -48 64 48 64 0
L -80 0 -80 -16 2 1 false 5 0
L -64 -48 -80 -48 2 0 false 5 0
L -96 -48 -112 -48 2 1 false 5 0
L -112 0 -112 -16 2 0 false 5 0
L -128 -48 -144 -48 2 0 false 5 0
L -144 0 -144 -16 2 1 false 5 0
L -160 -48 -176 -48 2 1 false 5 0
L -176 0 -176 -16 2 0 false 5 0
L -272 0 -272 -16 2 1 false 5 0
L -256 -48 -272 -48 2 0 false 5 0
L -240 0 -240 -16 2 0 false 5 0
L -224 -48 -240 -48 2 1 false 5 0
L -192 -48 -208 -48 2 0 false 5 0
L -208 0 -208 -16 2 1 false 5 0
w -64 -48 -64 128 0
w -64 128 32 128 0
w -80 0 -80 160 0
w -80 160 32 160 0
w -96 -48 -96 224 0
w -96 224 32 224 0
w -112 0 -112 256 0
w -112 256 32 256 0
w -128 -48 -128 320 0
w -128 320 32 320 0
w -144 0 -144 352 0
w -144 352 32 352 0
w -160 -48 -160 416 0
w -160 416 32 416 0
w -176 0 -176 448 0
w -176 448 32 448 0
w -192 -48 -192 512 0
w -192 512 32 512 0
w -208 0 -208 544 0
w -208 544 32 544 0
w -224 -48 -224 608 0
w -224 608 32 608 0
w -240 0 -240 640 0
w -240 640 32 640 0
w -256 -48 -256 704 0
w -256 704 32 704 0
w -272 0 -272 736 0
w 32 736 -272 736 0
w 160 736 160 768 0
w 160 768 96 768 0
w 160 1056 96 1056 0
w 160 1024 160 1056 0
w 160 960 160 928 0
w 96 960 160 960 0
410 32 992 64 992 1 Full\sAdder 0\s2\s0\s5 0\s2\s0\s5 0\s2\s0\s5 0\s2\s5\s5 0\s2\s5\s5
w 160 864 96 864 0
w 160 832 160 864 0
410 32 896 64 896 1 Full\sAdder 0\s2\s0\s5 0\s2\s0\s5 0\s2\s0\s5 0\s2\s5\s5 0\s2\s5\s5
410 32 800 64 800 1 Full\sAdder 0\s2\s0\s5 0\s2\s0\s5 0\s2\s0\s5 0\s2\s5\s5 0\s2\s5\s5
410 32 1088 64 1088 1 Full\sAdder 0\s2\s0\s5 0\s2\s0\s5 0\s2\s0\s5 0\s2\s5\s5 0\s2\s5\s5
410 32 1184 64 1184 1 Full\sAdder 0\s2\s0\s5 0\s2\s0\s5 0\s2\s0\s5 0\s2\s5\s5 0\s2\s5\s5
w 160 1120 160 1152 0
w 160 1152 96 1152 0
410 32 1280 64 1280 1 Full\sAdder 0\s2\s0\s5 0\s2\s0\s5 0\s2\s0\s5 0\s2\s5\s5 0\s2\s5\s5
w 96 1248 160 1248 0
w 160 1248 160 1216 0
w 160 1312 160 1344 0
w 160 1344 96 1344 0
410 32 1376 64 1376 1 Full\sAdder 0\s2\s0\s5 0\s2\s0\s5 0\s2\s0\s5 0\s2\s5\s5 0\s2\s5\s5
w 144 32 720 32 0
w 160 128 688 128 0
w 720 -32 720 32 0
w 688 -32 688 128 0
w 656 -32 656 224 0
w 160 224 656 224 0
w 160 320 624 320 0
w 624 -32 624 320 0
w 592 -32 592 416 0
w 160 416 592 416 0
w 160 512 560 512 0
w 560 -32 560 512 0
w 528 -32 528 608 0
w 496 -32 496 704 0
w 464 -32 464 800 0
M 432 -32 432 -48 2 2.5
M 400 -32 400 -48 2 2.5
M 368 -32 368 -48 2 2.5
M 272 -32 272 -48 2 2.5
M 304 -32 304 -48 2 2.5
M 336 -32 336 -48 2 2.5
M 240 -32 240 -48 2 2.5
w 432 -32 432 896 0
w 400 -32 400 992 0
w 368 -32 368 1088 0
w 336 -32 336 1184 0
w 304 -32 304 1280 0
w 272 -32 272 1376 0
w 160 608 528 608 0
w 160 704 496 704 0
w 160 800 464 800 0
w 160 896 432 896 0
w 160 992 400 992 0
w 160 1088 368 1088 0
w 160 1184 336 1184 0
w 160 1280 304 1280 0
w 160 1376 272 1376 0
w 240 -32 240 1408 0
w 160 1408 240 1408 0
w 272 1376 272 1408 0
w 304 1280 304 1408 0
w 336 1184 336 1408 0
w 368 1088 368 1408 0
w 720 32 720 1408 0
w 688 128 688 1408 0
w 656 1408 656 224 0
w 624 320 624 1408 0
w 592 1408 592 416 0
w 560 512 560 1408 0
w 528 1408 528 608 0
w 496 704 496 1408 0
w 464 800 464 1408 0
w 432 1408 432 896 0
w 400 1408 400 992 0
L -432 0 -432 -16 2 0 false 5 0
L -416 -48 -432 -48 2 1 false 5 0
L -448 -48 -464 -48 2 0 false 5 0
L -464 0 -464 -16 2 1 false 5 0
L -480 -48 -496 -48 2 1 false 5 0
L -496 0 -496 -16 2 0 false 5 0
L -400 0 -400 -16 2 1 false 5 0
L -384 -48 -400 -48 2 0 false 5 0
L -368 0 -368 -16 2 0 false 5 0
L -352 -48 -368 -48 2 1 false 5 0
L -336 0 -336 -16 2 1 false 5 0
L -320 -48 -336 -48 2 0 false 5 0
L -288 -48 -304 -48 2 1 false 5 0
L -304 0 -304 -16 2 0 false 5 0
w -288 -48 -288 800 0
w -288 800 32 800 0
w -304 0 -304 832 0
w -304 832 32 832 0
w -320 -48 -320 896 0
w -336 0 -336 928 0
w -352 -48 -352 992 0
w -368 0 -368 1024 0
w -384 -48 -384 1088 0
w -400 0 -400 1120 0
w -416 -48 -416 1184 0
w -432 0 -432 1216 0
w -464 0 -464 1312 0
w -448 -48 -448 1280 0
w -480 -48 -480 1376 0
w -496 0 -496 1408 0
w 32 896 -320 896 0
w 32 928 -336 928 0
w 32 992 -352 992 0
w 32 1024 -368 1024 0
w 32 1088 -384 1088 0
w 32 1120 -400 1120 0
w 32 1184 -416 1184 0
w 32 1216 -432 1216 0
w 32 1280 -448 1280 0
w 32 1312 -464 1312 0
w 32 1376 -480 1376 0
w 32 1408 -496 1408 0
