$ 1 0.000005 10.20027730826997 44 5 50 5e-11
. Half\sAdder 1 2 2 4 carry\sout 3 1 3 input\s1 2 0 2 input\s2 1 1 2 sum 4 0 3 AndGateElm\s1\s2\s3\rXorGateElm\s1\s2\s4 0\\s2\\s0\\s5\s0\\s2\\s0\\s5
410 48 32 160 32 1 Half\sAdder 0\s2\s5\s5 0\s2\s0\s5
w 0 64 48 64 0
. Full\sAdder 1 3 2 5 carry\sin 2 1 0 carry\sout 6 1 3 input\s1 7 0 2 input\s2 1 1 2 sum 8 0 3 OrGateElm\s4\s5\s6\rAndGateElm\s1\s7\s4\rAndGateElm\s2\s3\s5\rXorGateElm\s2\s3\s8\rXorGateElm\s1\s7\s3 0\\s2\\s0\\s5\s0\\s2\\s0\\s5\s0\\s2\\s0\\s5\s0\\s2\\s0\\s5\s0\\s2\\s0\\s5
410 32 128 64 128 1 Full\sAdder 0\s2\s5\s5 0\s2\s5\s5 0\s2\s0\s5 0\s2\s5\s5 0\s2\s0\s5
w 144 64 144 96 0
w -16 0 -16 128 0
w -32 160 -32 16 0
w 144 96 96 96 0
w 32 128 -16 128 0
w -32 160 32 160 0
L -32 -48 -48 -48 2 1 false 5 0
L -32 -16 -48 -16 2 1 false 5 0
L -80 -16 -96 -16 2 1 false 5 0
L -80 -48 -96 -48 2 1 false 5 0
w -32 16 -80 16 0
w -80 16 -80 -16 0
w -16 0 -64 0 0
w -64 0 -64 -48 0
w -64 -48 -80 -48 0
w 0 64 0 -16 0
w 0 -16 -32 -16 0
410 32 224 64 224 1 Full\sAdder 0\s2\s0\s5 0\s2\s0\s5 0\s2\s0\s5 0\s2\s5\s5 0\s2\s0\s5
w 160 160 160 192 0
w 160 192 96 192 0
w -112 -48 -128 -48 0
w -112 0 -112 -48 0
w -128 16 -128 -16 0
L -128 -48 -144 -48 2 0 false 5 0
L -128 -16 -144 -16 2 0 false 5 0
L -176 -16 -192 -16 2 1 false 5 0
L -176 -48 -192 -48 2 1 false 5 0
w -176 16 -176 -16 0
w -160 0 -160 -48 0
w -160 -48 -176 -48 0
w -256 -48 -272 -48 0
w -256 0 -256 -48 0
w -272 16 -272 -16 0
L -272 -48 -288 -48 2 0 false 5 0
L -272 -16 -288 -16 2 0 false 5 0
L -224 -16 -240 -16 2 0 false 5 0
L -224 -48 -240 -48 2 1 false 5 0
w -224 16 -224 -16 0
w -208 0 -208 -48 0
w -208 -48 -224 -48 0
w -304 -48 -320 -48 0
w -304 0 -304 -48 0
w -320 16 -320 -16 0
L -320 -48 -336 -48 2 1 false 5 0
L -320 -16 -336 -16 2 1 false 5 0
L -368 -16 -384 -16 2 0 false 5 0
L -368 -48 -384 -48 2 1 false 5 0
w -368 16 -368 -16 0
w -352 0 -352 -48 0
w -352 -48 -368 -48 0
w -112 0 -96 0 0
w -96 0 -96 32 0
w -96 32 -48 32 0
w -128 16 -112 16 0
w -112 16 -112 48 0
w -112 48 -64 48 0
w -48 32 -48 224 0
w -64 48 -64 256 0
w -64 256 32 256 0
w 32 224 -48 224 0
410 32 320 64 320 1 Full\sAdder 0\s2\s5\s5 0\s2\s5\s5 0\s2\s0\s5 0\s2\s0\s5 0\s2\s0\s5
w 96 288 160 288 0
w 160 288 160 256 0
410 32 416 64 416 1 Full\sAdder 0\s2\s5\s5 0\s2\s0\s5 0\s2\s5\s5 0\s2\s0\s5 0\s2\s5\s5
w 160 352 160 384 0
w 160 384 96 384 0
410 32 512 64 512 1 Full\sAdder 0\s2\s0\s5 0\s2\s0\s5 0\s2\s0\s5 0\s2\s5\s5 0\s2\s0\s5
w 96 480 160 480 0
w 160 480 160 448 0
410 32 608 64 608 1 Full\sAdder 0\s2\s5\s5 0\s2\s5\s5 0\s2\s0\s5 0\s2\s0\s5 0\s2\s0\s5
w 160 544 160 576 0
w 160 576 96 576 0
410 32 704 64 704 1 Full\sAdder 0\s2\s5\s5 0\s2\s0\s5 0\s2\s5\s5 0\s2\s0\s5 0\s2\s5\s5
w 96 672 160 672 0
w 160 672 160 640 0
w -160 0 -144 0 0
w -144 0 -144 32 0
w -144 32 -128 32 0
w -128 32 -128 64 0
w -128 64 -80 64 0
w -80 64 -80 320 0
w -80 320 32 320 0
w -176 16 -160 16 0
w -160 16 -160 48 0
w -160 48 -144 48 0
w -144 48 -144 80 0
w -144 80 -96 80 0
w -96 80 -96 352 0
w -96 352 32 352 0
w -208 0 -192 0 0
w -192 0 -192 32 0
w -192 32 -176 32 0
w -176 32 -176 64 0
w -176 64 -160 64 0
w -160 64 -160 96 0
w -160 96 -112 96 0
w -112 96 -112 416 0
w -112 416 32 416 0
w -224 16 -208 16 0
w -208 16 -208 48 0
w -208 48 -192 48 0
w -192 48 -192 80 0
w -192 80 -176 80 0
w -176 80 -176 112 0
w -176 112 -128 112 0
w -128 112 -128 448 0
w -128 448 32 448 0
w -256 0 -240 0 0
w -240 0 -240 32 0
w -240 32 -224 32 0
w -224 32 -224 64 0
w -224 64 -208 64 0
w -208 64 -208 96 0
w -208 96 -192 96 0
w -192 96 -192 128 0
w -192 128 -144 128 0
w -144 128 -144 512 0
w -144 512 32 512 0
w -272 16 -256 16 0
w -256 16 -256 48 0
w -256 48 -240 48 0
w -240 48 -240 80 0
w -240 80 -224 80 0
w -224 80 -224 112 0
w -224 112 -208 112 0
w -208 112 -208 144 0
w -208 144 -160 144 0
w -160 144 -160 544 0
w -160 544 32 544 0
w -304 0 -288 0 0
w -288 0 -288 32 0
w -288 32 -272 32 0
w -272 32 -272 64 0
w -272 64 -256 64 0
w -256 64 -256 96 0
w -256 96 -240 96 0
w -240 96 -240 128 0
w -240 128 -224 128 0
w -224 128 -224 160 0
w -224 160 -176 160 0
w -176 160 -176 608 0
w -176 608 32 608 0
w -320 16 -304 16 0
w -304 16 -304 48 0
w -304 48 -288 48 0
w -288 48 -288 80 0
w -288 80 -272 80 0
w -272 80 -272 112 0
w -272 112 -256 112 0
w -256 112 -256 144 0
w -256 144 -240 144 0
w -240 144 -240 176 0
w -240 176 -192 176 0
w -192 176 -192 640 0
w -192 640 32 640 0
w -352 0 -336 0 0
w -336 0 -336 32 0
w -336 32 -320 32 0
w -320 32 -320 64 0
w -320 64 -304 64 0
w -304 64 -304 96 0
w -304 96 -288 96 0
w -288 96 -288 128 0
w -288 128 -272 128 0
w -272 128 -272 160 0
w -272 160 -256 160 0
w -256 160 -256 192 0
w -256 192 -208 192 0
w -208 192 -208 704 0
w -208 704 32 704 0
w -368 16 -352 16 0
w -352 16 -352 48 0
w -352 48 -336 48 0
w -336 48 -336 80 0
w -336 80 -320 80 0
w -320 80 -320 112 0
w -320 112 -304 112 0
w -304 112 -304 144 0
w -304 144 -288 144 0
w -288 144 -288 176 0
w -288 176 -272 176 0
w -272 176 -272 208 0
w -272 208 -224 208 0
w -224 208 -224 736 0
w -224 736 32 736 0
w -32 -48 16 -48 0
w 16 -48 16 32 0
w 16 32 48 32 0
w 336 704 336 736 0
w 368 608 368 736 0
w 400 512 400 736 0
w 432 416 432 736 0
w 464 320 464 736 0
w 496 224 496 736 0
w 528 128 528 736 0
w 560 32 560 736 0
419 272 768 320 768 4096 9
w 288 736 304 736 0
w 304 -32 304 736 0
w 288 704 336 704 0
w 336 -32 336 704 0
w 368 -32 368 608 0
w 288 608 368 608 0
w 400 512 288 512 0
w 400 -32 400 512 0
w 432 416 288 416 0
w 432 -32 432 416 0
M 304 -32 304 -64 2 2.5
w 464 320 288 320 0
w 464 -32 464 320 0
w 496 -32 496 224 0
w 288 224 496 224 0
M 336 -32 336 -64 2 2.5
M 368 -32 368 -64 2 2.5
M 464 -32 464 -64 2 2.5
M 432 -32 432 -64 2 2.5
M 400 -32 400 -64 2 2.5
M 496 -32 496 -64 2 2.5
M 528 -32 528 -64 2 2.5
M 560 -32 560 -64 2 2.5
w 288 128 528 128 0
w 528 64 528 128 0
w 560 32 560 -32 0
w 272 32 560 32 0
w 528 64 528 -32 0
w 288 704 160 704 0
w 288 736 160 736 0
w 288 608 160 608 0
w 288 512 160 512 0
w 288 416 160 416 0
w 288 320 160 320 0
w 288 224 160 224 0
w 288 128 160 128 0
w 272 32 144 32 0
x -126 -101 302 -98 6 32 Gabriel\sLogan\sFull\sAdder\sCalc
x 15 815 268 818 4 32 Decimal\sResult\s->
x 599 -54 827 -51 4 32 <-\sBinary\sResult
x 389 879 495 882 4 20 Thank\sYou\s!
x -492 -41 -407 -38 4 20 Input\s1\s->
x -492 -13 -407 -10 4 20 Input\s2\s->
