$ 1 0.000005 10.20027730826997 36 5 50 5e-11
v 176 -112 -80 -112 0 0 40 5 0 0 0.5
162 704 80 704 0 2 default-led 1 0 0 0.01
162 176 192 256 192 2 default-led 1 0 0 0.01
154 64 128 176 128 0 2 0 5
150 64 192 176 192 0 2 5 5
w 176 128 400 128 0
w 400 128 560 128 0
w 704 80 704 128 0
w 704 128 560 128 0
s -80 -16 0 -16 0 0 false
154 -64 288 48 288 0 2 0 5
154 240 320 336 320 0 2 5 5
150 112 384 208 384 0 2 0 5
150 -16 464 80 464 0 2 5 5
152 240 400 336 400 0 2 5 5
w 336 320 672 320 0
w 672 320 672 80 0
162 672 80 672 0 2 default-led 1 0 0 0.01
162 336 400 416 400 2 default-led 1 0 0 0.01
w 208 384 240 384 0
w 112 320 112 368 0
w 144 288 192 288 0
w 192 288 192 304 0
w 192 304 240 304 0
w 80 464 208 464 0
w 208 464 208 416 0
w 208 416 240 416 0
w 112 320 112 288 0
w 144 288 112 288 0
w 48 288 112 288 0
w 112 400 64 400 0
w 240 336 64 336 0
w 64 336 64 400 0
w 64 336 64 256 0
w 64 256 256 256 0
w 256 256 256 192 0
s -80 -48 0 -48 0 0 false
w 0 -16 0 112 0
w 0 112 64 112 0
w 0 112 0 176 0
w 0 176 64 176 0
w 0 -48 16 -48 0
w 16 -48 16 144 0
w 16 144 64 144 0
w 16 144 16 208 0
w 16 208 64 208 0
w 704 0 672 0 0
w -80 -48 -80 -16 0
w -80 -64 -80 -48 0
s -208 -48 -128 -48 0 0 false
s -208 -16 -128 -16 0 0 false
w -208 -48 -208 -16 0
w -128 -16 -128 272 0
w -128 272 -64 272 0
w -128 272 -128 448 0
w -128 448 -16 448 0
w -128 -48 -112 -48 0
w -112 -48 -112 304 0
w -112 304 -64 304 0
w -112 304 -112 480 0
w -112 480 -16 480 0
162 640 80 640 0 2 default-led 1 0 0 0.01
w 640 0 672 0 0
w -208 -64 -208 -48 0
w -112 752 -16 752 0
w -112 576 -64 576 0
w -128 720 -16 720 0
w -128 544 -64 544 0
w 256 528 256 464 0
w 64 528 256 528 0
w 64 608 64 528 0
w 64 608 64 672 0
w 240 608 64 608 0
w 112 672 64 672 0
w 48 560 112 560 0
w 144 560 112 560 0
w 112 592 112 560 0
w 208 688 240 688 0
w 208 736 208 688 0
w 80 736 208 736 0
w 192 576 240 576 0
w 192 560 192 576 0
w 144 560 192 560 0
w 112 592 112 640 0
w 208 656 240 656 0
162 336 672 416 672 2 default-led 1 0 0 0.01
152 240 672 336 672 0 2 5 5
150 -16 736 80 736 0 2 5 5
150 112 656 208 656 0 2 0 5
154 240 592 336 592 0 2 4.999999999999999 5
154 -64 560 48 560 0 2 0 5
w 256 464 336 464 0
w 416 400 416 464 0
w 416 464 336 464 0
w 336 592 640 592 0
w 640 592 640 80 0
w -224 -48 -224 304 0
w -240 -48 -224 -48 0
w -240 -16 -240 272 0
w -320 -48 -320 -16 0
s -320 -16 -240 -16 0 0 false
s -320 -48 -240 -48 0 0 false
w -320 -64 -320 -48 0
w -240 272 -240 544 0
w -240 544 -128 544 0
w -240 544 -240 720 0
w -240 720 -128 720 0
w -224 304 -224 576 0
w -224 576 -112 576 0
w -224 576 -224 752 0
w -224 752 -112 752 0
162 608 80 608 0 2 default-led 1 0 0 0.01
w 608 0 640 0 0
w -336 1024 -224 1024 0
w -336 848 -336 1024 0
w -336 848 -224 848 0
w -336 576 -336 848 0
w -352 992 -240 992 0
w -352 816 -352 992 0
w -352 816 -240 816 0
w -352 544 -352 816 0
w 224 864 528 864 0
154 -176 832 -64 832 0 2 0 5
154 128 864 224 864 0 2 5 5
150 0 928 96 928 0 2 0 5
150 -128 1008 -32 1008 0 2 5 5
152 128 944 224 944 0 2 5 5
162 224 944 304 944 2 default-led 1 0 0 0.01
w 96 928 128 928 0
w 0 864 0 912 0
w 32 832 80 832 0
w 80 832 80 848 0
w 80 848 128 848 0
w -32 1008 96 1008 0
w 96 1008 96 960 0
w 96 960 128 960 0
w 0 864 0 832 0
w 32 832 0 832 0
w -64 832 0 832 0
w 0 944 -48 944 0
w 128 880 -48 880 0
w -48 880 -48 944 0
w -48 880 -48 800 0
w -240 816 -176 816 0
w -240 992 -128 992 0
w -224 848 -176 848 0
w -224 1024 -128 1024 0
w -48 800 432 800 0
w 608 80 608 864 0
w -432 -64 -432 -48 0
s -432 -48 -352 -48 0 0 false
s -432 -16 -352 -16 0 0 false
w -432 -48 -432 -16 0
w -352 -16 -352 272 0
w -352 -48 -336 -48 0
w -336 -48 -336 304 0
w 528 864 608 864 0
w 432 800 432 672 0
w 416 672 432 672 0
w -352 272 -352 544 0
w -336 576 -336 304 0
162 576 80 576 0 2 default-led 1 0 0 0.01
w 576 0 608 0 0
w 704 -112 704 0 0
w 704 -112 176 -112 0
w -80 -112 -80 -64 0
w -80 -112 -208 -112 0
w -208 -112 -208 -64 0
w -208 -112 -320 -112 0
w -320 -112 -320 -64 0
w -320 -112 -432 -112 0
w -432 -112 -432 -64 0
w -160 1072 304 1072 0
w -336 1296 -240 1296 0
w -336 1120 -288 1120 0
w -352 1264 -240 1264 0
w -352 1088 -288 1088 0
w -160 1152 -160 1072 0
w -160 1152 -160 1216 0
w 16 1152 -160 1152 0
w -112 1216 -160 1216 0
w -176 1104 -112 1104 0
w -80 1104 -112 1104 0
w -112 1136 -112 1104 0
w -16 1232 16 1232 0
w -16 1280 -16 1232 0
w -144 1280 -16 1280 0
w -32 1120 16 1120 0
w -32 1104 -32 1120 0
w -80 1104 -32 1104 0
w -112 1136 -112 1184 0
w -16 1200 16 1200 0
162 112 1216 192 1216 2 default-led 1 0 0 0.01
152 16 1216 112 1216 0 2 5 5
150 -240 1280 -144 1280 0 2 5 5
150 -112 1200 -16 1200 0 2 0 5
154 16 1136 112 1136 0 2 4.999999999999999 5
154 -288 1104 -176 1104 0 2 0 5
w 112 1136 416 1136 0
w -464 816 -464 1088 0
w -464 1088 -352 1088 0
w -464 1088 -464 1264 0
w -464 1264 -352 1264 0
w -448 848 -448 1120 0
w -448 1120 -336 1120 0
w -448 1120 -448 1296 0
w -448 1296 -336 1296 0
w -544 -112 -544 -64 0
w -448 576 -448 304 0
w -464 272 -464 544 0
w -448 -48 -448 304 0
w -464 -48 -448 -48 0
w -464 -16 -464 272 0
w -544 -48 -544 -16 0
s -544 -16 -464 -16 0 0 false
s -544 -48 -464 -48 0 0 false
w -544 -64 -544 -48 0
w -464 544 -464 816 0
w -448 576 -448 848 0
w -560 576 -560 848 0
w -576 544 -576 816 0
w -656 -64 -656 -48 0
s -656 -48 -576 -48 0 0 false
s -656 -16 -576 -16 0 0 false
w -656 -48 -656 -16 0
w -576 -16 -576 272 0
w -576 -48 -560 -48 0
w -560 -48 -560 304 0
w -576 272 -576 544 0
w -560 576 -560 304 0
w -656 -112 -656 -64 0
w -768 -112 -768 -64 0
w -672 576 -672 304 0
w -688 272 -688 544 0
w -672 -48 -672 304 0
w -688 -48 -672 -48 0
w -688 -16 -688 272 0
w -768 -48 -768 -16 0
s -768 -16 -688 -16 0 0 false
s -768 -48 -688 -48 0 0 false
w -768 -64 -768 -48 0
w -688 544 -688 816 0
w -672 576 -672 848 0
w -784 576 -784 848 0
w -800 544 -800 816 0
w -880 -64 -880 -48 0
s -880 -48 -800 -48 0 0 false
s -880 -16 -800 -16 0 0 false
w -880 -48 -880 -16 0
w -800 -16 -800 272 0
w -800 -48 -784 -48 0
w -784 -48 -784 304 0
w -800 272 -800 544 0
w -784 576 -784 304 0
w -880 -112 -880 -64 0
w -432 -112 -544 -112 0
w -544 -112 -656 -112 0
w -656 -112 -768 -112 0
w -768 -112 -880 -112 0
w -560 1552 -448 1552 0
w -560 1376 -560 1552 0
w -560 1376 -448 1376 0
w -560 1104 -560 1376 0
w -576 1520 -464 1520 0
w -576 1344 -576 1520 0
w -576 1344 -464 1344 0
w -576 1072 -576 1344 0
w 0 1392 304 1392 0
154 -400 1360 -288 1360 0 2 0 5
154 -96 1392 0 1392 0 2 5 5
150 -224 1456 -128 1456 0 2 0 5
150 -352 1536 -256 1536 0 2 5 5
152 -96 1472 0 1472 0 2 5 5
162 0 1472 80 1472 2 default-led 1 0 0 0.01
w -128 1456 -96 1456 0
w -224 1392 -224 1440 0
w -192 1360 -144 1360 0
w -144 1360 -144 1376 0
w -144 1376 -96 1376 0
w -256 1536 -128 1536 0
w -128 1536 -128 1488 0
w -128 1488 -96 1488 0
w -224 1392 -224 1360 0
w -192 1360 -224 1360 0
w -288 1360 -224 1360 0
w -224 1472 -272 1472 0
w -96 1408 -272 1408 0
w -272 1408 -272 1472 0
w -272 1408 -272 1328 0
w -464 1344 -400 1344 0
w -464 1520 -352 1520 0
w -448 1376 -400 1376 0
w -448 1552 -352 1552 0
w -272 1328 192 1328 0
w -560 848 -560 1104 0
w -576 816 -576 1072 0
w -384 1584 80 1584 0
w -560 1808 -464 1808 0
w -560 1632 -512 1632 0
w -576 1776 -464 1776 0
w -576 1600 -512 1600 0
w -384 1664 -384 1584 0
w -384 1664 -384 1728 0
w -208 1664 -384 1664 0
w -336 1728 -384 1728 0
w -400 1616 -336 1616 0
w -304 1616 -336 1616 0
w -336 1648 -336 1616 0
w -240 1744 -208 1744 0
w -240 1792 -240 1744 0
w -368 1792 -240 1792 0
w -256 1632 -208 1632 0
w -256 1616 -256 1632 0
w -304 1616 -256 1616 0
w -336 1648 -336 1696 0
w -240 1712 -208 1712 0
162 -112 1728 -32 1728 2 default-led 1 0 0 0.01
152 -208 1728 -112 1728 0 2 5 5
150 -464 1792 -368 1792 0 2 5 5
150 -336 1712 -240 1712 0 2 0 5
154 -208 1648 -112 1648 0 2 4.999999999999999 5
154 -512 1616 -400 1616 0 2 0 5
w -112 1648 192 1648 0
w -688 1328 -688 1600 0
w -688 1600 -576 1600 0
w -688 1600 -688 1776 0
w -688 1776 -576 1776 0
w -672 1360 -672 1632 0
w -672 1632 -560 1632 0
w -672 1632 -672 1808 0
w -672 1808 -560 1808 0
w -784 2064 -672 2064 0
w -784 1888 -784 2064 0
w -784 1888 -672 1888 0
w -784 1616 -784 1888 0
w -800 2032 -688 2032 0
w -800 1856 -800 2032 0
w -800 1856 -688 1856 0
w -800 1584 -800 1856 0
w -224 1904 80 1904 0
154 -624 1872 -512 1872 0 2 0 5
154 -320 1904 -224 1904 0 2 4.999999999999999 5
150 -448 1968 -352 1968 0 2 0 5
150 -576 2048 -480 2048 0 2 5 5
152 -320 1984 -224 1984 0 2 5 5
162 -224 1984 -144 1984 2 default-led 1 0 0 0.01
w -352 1968 -320 1968 0
w -448 1904 -448 1952 0
w -416 1872 -368 1872 0
w -368 1872 -368 1888 0
w -368 1888 -320 1888 0
w -480 2048 -352 2048 0
w -352 2048 -352 2000 0
w -352 2000 -320 2000 0
w -448 1904 -448 1872 0
w -416 1872 -448 1872 0
w -512 1872 -448 1872 0
w -448 1984 -496 1984 0
w -320 1920 -496 1920 0
w -496 1920 -496 1984 0
w -496 1920 -496 1840 0
w -688 1856 -624 1856 0
w -688 2032 -576 2032 0
w -672 1888 -624 1888 0
w -672 2064 -576 2064 0
w -496 1840 -32 1840 0
w -784 848 -784 1616 0
w -800 816 -800 1584 0
w -672 848 -672 1360 0
w -688 816 -688 1328 0
w 304 1072 304 944 0
w 192 1328 192 1216 0
w 80 1584 80 1472 0
w -32 1840 -32 1728 0
w 448 0 480 0 0
162 448 80 448 0 2 default-led 1 0 0 0.01
w 480 0 512 0 0
162 480 80 480 0 2 default-led 1 0 0 0.01
w 512 0 544 0 0
162 512 80 512 0 2 default-led 1 0 0 0.01
w 576 0 544 0 0
162 544 80 544 0 2 default-led 1 0 0 0.01
w 576 80 576 1136 0
w 544 80 544 1392 0
w 512 80 512 1648 0
w 480 80 464 1904 0
w 448 80 432 1984 0
w 416 1136 576 1136 0
w 304 1392 544 1392 0
w 192 1648 512 1648 0
w 80 1904 464 1904 0
w 432 1984 -144 1984 0
