$ 1 0.000005 10.20027730826997 25 5 50 5e-11
v 176 -112 -80 -112 0 0 40 5 0 0 0.5
162 704 80 704 0 2 default-led 1 0 0 0.01
162 176 192 256 192 2 default-led 1 0 0 0.01
154 64 128 176 128 0 2 0 5
150 64 192 176 192 0 2 5 5
w 176 128 400 128 0
w 400 128 560 128 0
w 704 80 704 128 0
w 704 128 560 128 0
s -80 -16 0 -16 0 0 false
154 -64 288 48 288 0 2 0 5
154 240 320 336 320 0 2 5 5
150 112 384 208 384 0 2 0 5
150 -16 464 80 464 0 2 5 5
152 240 400 336 400 0 2 5 5
w 336 320 672 320 0
w 672 320 672 80 0
162 672 80 672 0 2 default-led 1 0 0 0.01
162 336 400 416 400 2 default-led 1 0 0 0.01
w 208 384 240 384 0
w 112 320 112 368 0
w 144 288 192 288 0
w 192 288 192 304 0
w 192 304 240 304 0
w 80 464 208 464 0
w 208 464 208 416 0
w 208 416 240 416 0
w 112 320 112 288 0
w 144 288 112 288 0
w 48 288 112 288 0
w 112 400 64 400 0
w 240 336 64 336 0
w 64 336 64 400 0
w 64 336 64 256 0
w 64 256 256 256 0
w 256 256 256 192 0
s -80 -48 0 -48 0 0 false
w 0 -16 0 112 0
w 0 112 64 112 0
w 0 112 0 176 0
w 0 176 64 176 0
w 0 -48 16 -48 0
w 16 -48 16 144 0
w 16 144 64 144 0
w 16 144 16 208 0
w 16 208 64 208 0
w 704 0 672 0 0
w -80 -48 -80 -16 0
w -80 -64 -80 -48 0
s -208 -48 -128 -48 0 0 false
s -208 -16 -128 -16 0 0 false
w -208 -48 -208 -16 0
w -128 -16 -128 272 0
w -128 272 -64 272 0
w -128 272 -128 448 0
w -128 448 -16 448 0
w -128 -48 -112 -48 0
w -112 -48 -112 304 0
w -112 304 -64 304 0
w -112 304 -112 480 0
w -112 480 -16 480 0
162 640 80 640 0 2 default-led 1 0 0 0.01
w 640 0 672 0 0
w -208 -64 -208 -48 0
w -112 752 -16 752 0
w -112 576 -64 576 0
w -128 720 -16 720 0
w -128 544 -64 544 0
w 256 528 256 464 0
w 64 528 256 528 0
w 64 608 64 528 0
w 64 608 64 672 0
w 240 608 64 608 0
w 112 672 64 672 0
w 48 560 112 560 0
w 144 560 112 560 0
w 112 592 112 560 0
w 208 688 240 688 0
w 208 736 208 688 0
w 80 736 208 736 0
w 192 576 240 576 0
w 192 560 192 576 0
w 144 560 192 560 0
w 112 592 112 640 0
w 208 656 240 656 0
162 336 672 416 672 2 default-led 1 0 0 0.01
152 240 672 336 672 0 2 5 5
150 -16 736 80 736 0 2 5 5
150 112 656 208 656 0 2 0 5
154 240 592 336 592 0 2 4.999999999999999 5
154 -64 560 48 560 0 2 0 5
w 256 464 336 464 0
w 416 400 416 464 0
w 416 464 336 464 0
w 336 592 640 592 0
w 640 592 640 80 0
w -224 -48 -224 304 0
w -240 -48 -224 -48 0
w -240 -16 -240 272 0
w -320 -48 -320 -16 0
s -320 -16 -240 -16 0 0 false
s -320 -48 -240 -48 0 0 false
w -320 -64 -320 -48 0
w -240 272 -240 544 0
w -240 544 -128 544 0
w -240 544 -240 720 0
w -240 720 -128 720 0
w -224 304 -224 576 0
w -224 576 -112 576 0
w -224 576 -224 752 0
w -224 752 -112 752 0
162 608 80 608 0 2 default-led 1 0 0 0.01
w 608 0 640 0 0
w 304 944 496 944 0
w -336 1024 -224 1024 0
w -336 848 -336 1024 0
w -336 848 -224 848 0
w -336 576 -336 848 0
w -352 992 -240 992 0
w -352 816 -352 992 0
w -352 816 -240 816 0
w -352 544 -352 816 0
w 224 864 528 864 0
154 -176 832 -64 832 0 2 0 5
154 128 864 224 864 0 2 5 5
150 0 928 96 928 0 2 0 5
150 -128 1008 -32 1008 0 2 5 5
152 128 944 224 944 0 2 5.000000000000001 5
162 224 944 304 944 2 default-led 1 0 0 0.01
w 96 928 128 928 0
w 0 864 0 912 0
w 32 832 80 832 0
w 80 832 80 848 0
w 80 848 128 848 0
w -32 1008 96 1008 0
w 96 1008 96 960 0
w 96 960 128 960 0
w 0 864 0 832 0
w 32 832 0 832 0
w -64 832 0 832 0
w 0 944 -48 944 0
w 128 880 -48 880 0
w -48 880 -48 944 0
w -48 880 -48 800 0
w -240 816 -176 816 0
w -240 992 -128 992 0
w -224 848 -176 848 0
w -224 1024 -128 1024 0
w -48 800 432 800 0
w 608 80 608 864 0
w -432 -64 -432 -48 0
s -432 -48 -352 -48 0 0 false
s -432 -16 -352 -16 0 0 false
w -432 -48 -432 -16 0
w -352 -16 -352 272 0
w -352 -48 -336 -48 0
w -336 -48 -336 304 0
w 528 864 608 864 0
w 432 800 432 672 0
w 416 672 432 672 0
w 496 944 576 944 0
w 576 944 576 80 0
w -352 272 -352 544 0
w -336 576 -336 304 0
162 576 80 576 0 2 default-led 1 0 0 0.01
w 576 0 608 0 0
w 704 -112 704 0 0
w 704 -112 176 -112 0
w -80 -112 -80 -64 0
w -80 -112 -208 -112 0
w -208 -112 -208 -64 0
w -208 -112 -320 -112 0
w -320 -112 -320 -64 0
w -320 -112 -432 -112 0
w -432 -112 -432 -64 0
